{
 "cells": [
  {
   "cell_type": "code",
   "execution_count": 2,
   "metadata": {
    "collapsed": true
   },
   "outputs": [],
   "source": [
    "import numpy as np\n",
    "from numpy import linalg as LA\n",
    "import matplotlib.pyplot as plt"
   ]
  },
  {
   "cell_type": "code",
   "execution_count": 3,
   "metadata": {},
   "outputs": [
    {
     "data": {
      "text/plain": [
       "array([[5, 8, 4, 0, 5, 0, 5, 2, 9, 7, 2, 1, 8, 8, 3],\n",
       "       [5, 7, 4, 1, 0, 8, 2, 3, 0, 6, 4, 0, 9, 3, 5],\n",
       "       [1, 8, 7, 7, 8, 9, 0, 6, 0, 2, 3, 6, 1, 6, 8],\n",
       "       [3, 6, 1, 2, 1, 2, 6, 2, 3, 1, 1, 0, 0, 1, 5],\n",
       "       [5, 6, 7, 0, 1, 9, 0, 0, 1, 8, 0, 0, 9, 6, 5],\n",
       "       [5, 8, 5, 3, 0, 9, 6, 5, 8, 0, 3, 7, 0, 6, 6],\n",
       "       [8, 6, 1, 7, 3, 0, 0, 5, 3, 4, 6, 1, 1, 3, 2],\n",
       "       [3, 9, 9, 9, 7, 4, 1, 8, 5, 2, 8, 0, 8, 7, 4],\n",
       "       [7, 5, 3, 3, 3, 7, 6, 4, 7, 7, 9, 2, 1, 5, 8],\n",
       "       [7, 8, 4, 5, 6, 5, 7, 8, 2, 5, 4, 5, 0, 0, 4]])"
      ]
     },
     "execution_count": 3,
     "metadata": {},
     "output_type": "execute_result"
    }
   ],
   "source": [
    "x=np.random.randint(0,10,150).reshape(10,15)\n",
    "x"
   ]
  },
  {
   "cell_type": "code",
   "execution_count": 4,
   "metadata": {},
   "outputs": [
    {
     "data": {
      "image/png": "iVBORw0KGgoAAAANSUhEUgAAAXcAAAD8CAYAAACMwORRAAAABHNCSVQICAgIfAhkiAAAAAlwSFlz\nAAALEgAACxIB0t1+/AAAADl0RVh0U29mdHdhcmUAbWF0cGxvdGxpYiB2ZXJzaW9uIDIuMS4wLCBo\ndHRwOi8vbWF0cGxvdGxpYi5vcmcvpW3flQAAE21JREFUeJzt3XGMpPV93/H35+5w7aVxsczGxsDd\n2iqira2CyQiDLSGn2FFwEaQtf2Ct69pKuwUs2zh/VK5OilpLFylS1DYOMmiN68TqhiY+g0tbjHCV\ntHGkQrp3Box9RD1j7jgfNms7heBFBdxv/5i5sAy7N7O3Mzc7P94vafQ8z+/57fN8NTf32Wd/88z8\nUlVIktqyY9IFSJJGz3CXpAYZ7pLUIMNdkhpkuEtSgwx3SWqQ4S5JDTLcJalBhrskNWjXpE589tln\n19zc3KROL0lT6cCBAz+qqtlB/SYW7nNzcywvL0/q9JI0lZIcGaafwzKS1CDDXZIaZLhLUoMMd0lq\nkOEuSQ0aKtyTfDLJI0m+neTmdfYnyWeTHE7ycJJLRl+qJGlYA8M9yTuAfwZcClwEXJ3kgr5uVwEX\n9B4LwK0jrlOnw9ISzM3Bjh3d5dLSpCuSdIqGuXL/28D9VbVaVS8C/wP4B319rgW+VF33A2clOWfE\ntWqclpZgYQGOHIGq7nJhwYCXptQw4f4IcEWSNyaZAT4AnN/X51zgiTXbx3ptmhZ798Lq6svbVle7\n7ZKmzsBPqFbVoSS/CXwdeBZ4CHixr1vW+9H+hiQLdIdt2L1796aL1RgdPbq5dknb2lBvqFbVF6rq\nkqq6AvgJ8L/7uhzj5Vfz5wHH1znOYlV1qqozOzvwqxF0Om30y9ZfwtJUGvZumZ/vLXcD/xC4o6/L\n3cCHe3fNXAY8XVVPjrRSjde+fTAz8/K2mZluu6SpM+wXh30lyRuBF4CPVdVfJLkBoKpuA+6hOxZ/\nGFgFPjqOYjVG8/Pd5d693aGY3bu7wX6iXdJUSdUrhsZPi06nU34rpCRtTpIDVdUZ1M9PqEpSgwx3\nSWqQ4S5JDTLcJalBhrskNchwl6QGGe6S1CDDXZIaZLhLUoMMd0lqkOEuSQ0y3CWpQYa7JDXIcJek\nBhnuktQgw12SGjTsNHufSvLtJI8kuSPJa/v2fyTJSpIHe49/Op5yJUnDGBjuSc4FPgF0quodwE7g\n+nW6/kFVXdx73D7iOiVJmzDssMwu4HVJdgEzwPHxlSRJ2qqB4V5V3wd+CzgKPAk8XVX3rdP1HyV5\nOMn+JOevd6wkC0mWkyyvrKxsqXBJ0saGGZZ5A3At8FbgLcCZST7U1+0/A3NV9XeB/wb83nrHqqrF\nqupUVWd2dnZrlUuSNjTMsMz7gO9V1UpVvQDcCbx7bYeq+nFV/d/e5ueBXxhtmZKkzRgm3I8ClyWZ\nSRLgSuDQ2g5JzlmzeU3/fknS6bVrUIeqeiDJfuAg8CLwTWAxyWeA5aq6G/hEkmt6+38CfGR8JUuS\nBklVTeTEnU6nlpeXJ3JuSZpWSQ5UVWdQPz+hKkkNMtwlqUGGuyQ1yHCXpAYZ7pLUIMNdkhpkuEtS\ngwx3SWqQ4S5JDTLcJalBhrskNchwl6QGGe6S1CDDXZIaZLhLUoOGCvckn0ry7SSPJLkjyWv79v+1\nJH+Q5HCSB5LMjaNYSdJwhpkg+1zgE0Cnqt4B7ASu7+v2q8BfVNXfBP4t8JujLvSvLC3B3Bzs2NFd\nLi2N7VTSSNx0E+zaBUl3edNNk66oHebBhgZOs7em3+uSvADMAMf79l8L/Kve+n7gliSpUU/ztLQE\nCwuwutrdPnKkuw0wPz/SU0kjcdNNcOutL23/7GcvbX/uc5OpqRXmwUkNNc1ekk8C+4DngPuqar5v\n/yPAL1fVsd72d4F3VdWPNjrmKU2zNzfX/Qfst2cPPP745o4lnQ67dnUDvd/OnfDii6e/npa8SvNg\nZNPsJXkD3SvztwJvAc5M8qH+buv86Ct+ayRZSLKcZHllZWXQqV/p6NHNtUuTtl6wn6xdwzMPTmqY\nN1TfB3yvqlaq6gXgTuDdfX2OAecDJNkF/A3gJ/0HqqrFqupUVWd2dnbz1e7evbl2adJ27txcu4Zn\nHpzUMOF+FLgsyUySAFcCh/r63A38k976dcAfjXy8HWDfPpiZeXnbzEy3XdqOTowBD9uu4ZkHJzUw\n3KvqAbpvkh4EvtX7mcUkn0lyTa/bF4A3JjkM/Brw6bFUOz8Pi4vdMbWku1xc9M0TbV+f+xzceONL\nV+o7d3a3fTN168yDkxrqDdVxOKU3VCXpVW5kb6hKkqaP4S5JDTLcJalBhrskNchwl6QGGe6S1CDD\nXZIaZLhLUoMMd0lqkOEuSQ0y3CWpQYa7JDXIcJekBhnuktQgw12SGmS4S1KDhpkg+8IkD655PJPk\n5r4+703y9Jo+vz6+kiVJg+wa1KGq/hy4GCDJTuD7wF3rdP1GVV092vIkSadis8MyVwLfraoj4yhG\nkjQamw3364E7Nth3eZKHknwtydu3WJckaQuGDvckrwGuAb68zu6DwJ6qugj4HeCrGxxjIclykuWV\nlZVTqVeSNITNXLlfBRysqh/276iqZ6rq2d76PcAZSc5ep99iVXWqqjM7O3vKRUuSTm4z4f5BNhiS\nSfLmJOmtX9o77o+3Xp4k6VQMvFsGIMkM8H7gn69puwGgqm4DrgNuTPIi8BxwfVXV6MuVJA1jqHCv\nqlXgjX1tt61ZvwW4ZbSlSZJOlZ9QlaQGGe6S1CDDXZIaZLhLUoMMd0lqkOEuSQ0y3CWpQYa7JDXI\ncJekBhnuktQgw12SGmS4S1KDDHdJapDhLkkNMtwlqUEDwz3JhUkeXPN4JsnNfX2S5LNJDid5OMkl\n4ytZkjTIwHCvqj+vqour6mLgF4BV4K6+blcBF/QeC8Ctoy5UmlpLSzA3Bzt2dJdLS5OuSK8CQ83E\ntMaVwHer6khf+7XAl3pT692f5Kwk51TVkyOpUppWS0uwsACrq93tI0e62wDz85OrS83b7Jj79aw/\nSfa5wBNrto/12qRXt717Xwr2E1ZXu+3SGA0d7kleA1wDfHm93eu0vWKC7CQLSZaTLK+srAxfpTSt\njh7dXLs0Ipu5cr8KOFhVP1xn3zHg/DXb5wHH+ztV1WJVdaqqMzs7u7lKpWm0e/fm2qUR2Uy4f5D1\nh2QA7gY+3Ltr5jLgacfbJWDfPpiZeXnbzEy3XRqjocI9yQzwfuDONW03JLmht3kP8BhwGPg8cNOI\n65Sm0/w8LC7Cnj2QdJeLi76ZqrFL9waX06/T6dTy8vJEzi1J0yrJgarqDOrnJ1QlqUGGuyQ1yHCX\npAYZ7pLUIMNdkhpkuEtSgwx3SWqQ4S5JDTLcJalBhrskNchwl6QGGe6S1CDDXZIaZLhLUoMMd0lq\nkOEuSQ0adiams5LsT/JokkNJLu/b/94kTyd5sPf49fGUK0kaxq4h+/02cG9VXZfkNcDMOn2+UVVX\nj640SdKpGhjuSV4PXAF8BKCqngeeH29ZkqStGGZY5m3ACvDFJN9McnuSM9fpd3mSh5J8LcnbR1um\nJGkzhgn3XcAlwK1V9U7gp8Cn+/ocBPZU1UXA7wBfXe9ASRaSLCdZXllZ2ULZkqSTGSbcjwHHquqB\n3vZ+umH/V6rqmap6trd+D3BGkrP7D1RVi1XVqarO7OzsFkuXJG1kYLhX1Q+AJ5Jc2Gu6EvjO2j5J\n3pwkvfVLe8f98YhrlSQNadi7ZT4OLPXulHkM+GiSGwCq6jbgOuDGJC8CzwHXV1WNo2BJ0mCZVAZ3\nOp1aXl6eyLklaVolOVBVnUH9/ISqJDXIcJekBhnuktQgw12SGmS4S1KDDHdJapDhLkkNMtwlqUGG\nuyQ1yHCXpAYZ7pLUIMNdkhpkuEtSgwx3SWqQ4S5JDRoq3JOclWR/kkeTHEpyed/+JPlsksNJHk5y\nyUbHkiSN37BX7r8N3FtVfwu4CDjUt/8q4ILeYwG4dWQV6vRZWoK5Odixo7tcWpp0RW3weRWc9tfB\nwGn2krweuAL4CEBVPQ8839ftWuBLvan17u9d6Z9TVU+OuF6Ny9ISLCzA6mp3+8iR7jbA/Pzk6pp2\nPq+CibwOhrlyfxuwAnwxyTeT3J7kzL4+5wJPrNk+1mvTtNi796UX3gmrq912nTqfV8FEXgfDhPsu\n4BLg1qp6J/BT4NN9fbLOz71ictYkC0mWkyyvrKxsuliN0dGjm2vXcHxeBRN5HQwT7seAY1X1QG97\nP92w7+9z/prt84Dj/QeqqsWq6lRVZ3Z29lTq1bjs3r25dg3H51UwkdfBwHCvqh8ATyS5sNd0JfCd\nvm53Ax/u3TVzGfC04+1TZt8+mJl5edvMTLddp87nVTCR18Gwd8t8HFhK8jBwMfAbSW5IckNv/z3A\nY8Bh4PPATSOvVOM1Pw+Li7BnDyTd5eKib/ptlc+rYCKvg3RvcDn9Op1OLS8vT+TckjStkhyoqs6g\nfn5CVZIaZLhLUoMMd0lqkOEuSQ0y3CWpQYa7JDXIcJekBhnuktQgw12SGmS4S1KDDHdJapDhLkkN\nMtwlqUGGuyQ1yHCXpAYZ7pLUoF3DdEryOPCXwM+AF/u/KD7Je4H/BHyv13RnVX1mdGVKkjZjqHDv\n+cWq+tFJ9n+jqq7eakGSpK1zWEaSGjRsuBdwX5IDSRY26HN5koeSfC3J20dUnyTpFAw7LPOeqjqe\n5OeBryd5tKr+ZM3+g8Ceqno2yQeArwIX9B+k94thAWD37t1bLF2StJGhrtyr6nhv+RRwF3Bp3/5n\nqurZ3vo9wBlJzl7nOItV1amqzuzs7JaLlyStb2C4Jzkzyc+dWAd+CXikr8+bk6S3fmnvuD8efbmS\npGEMMyzzJuCuXnbvAn6/qu5NcgNAVd0GXAfcmORF4Dng+qqqMdUsSRpgYLhX1WPAReu037Zm/Rbg\nltGWJkk6Vd4KKUkNMtwlqUGGuyQ1yHCXpAYZ7pLUIMNdkhpkuEtSgwx3SWqQ4S5JDTLcJalBhrsk\nNchwl6QGGe6S1CDDXZIaZLhLUoMMd0lq0FDhnuTxJN9K8mCS5XX2J8lnkxxO8nCSS0ZfqiT1WVqC\nuTnYsaO7XFqadEXbxjDT7J3wi1X1ow32XQVc0Hu8C7i1t5Sk8VhagoUFWF3tbh850t0GmJ+fXF3b\nxKiGZa4FvlRd9wNnJTlnRMeWpFfau/elYD9hdbXbrqHDvYD7khxIsrDO/nOBJ9ZsH+u1vUyShSTL\nSZZXVlY2X60knXD06ObaX2WGDff3VNUldIdfPpbkir79Wedn6hUNVYtV1amqzuzs7CZLlaQ1du/e\nXPurzFDhXlXHe8ungLuAS/u6HAPOX7N9HnB8FAVK0rr27YOZmZe3zcx02zU43JOcmeTnTqwDvwQ8\n0tftbuDDvbtmLgOerqonR16tJJ0wPw+Li7BnDyTd5eKib6b2DHO3zJuAu5Kc6P/7VXVvkhsAquo2\n4B7gA8BhYBX46HjKlaQ15ucN8w0MDPeqegy4aJ3229asF/Cx0ZYmSTpVfkJVkhpkuEtSgwx3SWqQ\n4S5JDTLcJalB6d7oMoETJyvAkS0c4mxgoy8y226mqVaYrnqtdXymqd5XU617qmrgR/wnFu5blWS5\nqjqTrmMY01QrTFe91jo+01Svtb6SwzKS1CDDXZIaNM3hvjjpAjZhmmqF6arXWsdnmuq11j5TO+Yu\nSdrYNF+5S5I2MHXhnuTfJ3kqSf/XDm87Sc5P8sdJDiX5dpJPTrqmjSR5bZI/S/JQr9Z/PemaBkmy\nM8k3k/yXSdcyyKBJ5reTJGcl2Z/k0d5r9/JJ17SRJBf2ntMTj2eS3DzpujaS5FO9/1+PJLkjyWvH\ndq5pG5bpzQL1LN05W98x6XpOpjeP7DlVdbD3nfgHgF+pqu9MuLRXSPc7nc+sqmeTnAH8KfDJ3py4\n21KSXwM6wOur6upJ13MySR4HOieZZH7bSPJ7wDeq6vYkrwFmqur/TLquQZLsBL4PvKuqtvIZmrFI\nci7d/1d/p6qeS/KHwD1V9bvjON/UXblX1Z8AP5l0HcOoqier6mBv/S+BQ6wzt+x20Jvc/Nne5hm9\nx7b9zZ/kPODvA7dPupaWJHk9cAXwBYCqen4agr3nSuC72zHY19gFvC7JLmCGMc5YN3XhPq2SzAHv\nBB6YbCUb6w1zPAg8BXy9qrZtrcC/A/4F8P8mXciQBk0yv128DVgBvtgb8rq9NwPbNLgeuGPSRWyk\nqr4P/BZwFHiS7ox1943rfIb7aZDkrwNfAW6uqmcmXc9GqupnVXUx3TlwL02yLYe9klwNPFVVByZd\nyyYMmmR+u9gFXALcWlXvBH4KfHqyJQ3WGz66BvjypGvZSJI3ANcCbwXeApyZ5EPjOp/hPma98euv\nAEtVdeek6xlG78/w/w788oRL2ch7gGt649j/Efh7Sf7DZEs6uSEmmd8ujgHH1vzVtp9u2G93VwEH\nq+qHky7kJN4HfK+qVqrqBeBO4N3jOpnhPka9Nym/AByqqn8z6XpOJslskrN666+j+0J8dLJVra+q\n/mVVnVdVc3T/FP+jqhrbFdBWDTnJ/LZQVT8AnkhyYa/pSmDb3QCwjg+yjYdkeo4ClyWZ6WXDlXTf\nhxuLqQv3JHcA/xO4MMmxJL866ZpO4j3AP6Z7ZXniVq0PTLqoDZwD/HGSh4H/RXfMfdvfYjgl3gT8\naZKHgD8D/mtV3Tvhmk7m48BS77VwMfAbE67npJLMAO+neyW8bfX+GtoPHAS+RTd/x/Zp1am7FVKS\nNNjUXblLkgYz3CWpQYa7JDXIcJekBhnuktQgw12SGmS4S1KDDHdJatD/B+YzvhDumZEvAAAAAElF\nTkSuQmCC\n",
      "text/plain": [
       "<matplotlib.figure.Figure at 0x1c08cf879b0>"
      ]
     },
     "metadata": {},
     "output_type": "display_data"
    }
   ],
   "source": [
    "plt.scatter(x[:,0],x[:,1],c='r')\n",
    "plt.show()"
   ]
  },
  {
   "cell_type": "code",
   "execution_count": 5,
   "metadata": {},
   "outputs": [
    {
     "data": {
      "text/plain": [
       "array([[ 0.1,  0.9, -0.5, -3.7,  1.6, -5.3,  1.7, -2.3,  5.2,  2.8, -2. ,\n",
       "        -1.2,  4.3,  3.5, -2. ],\n",
       "       [ 0.1, -0.1, -0.5, -2.7, -3.4,  2.7, -1.3, -1.3, -3.8,  1.8,  0. ,\n",
       "        -2.2,  5.3, -1.5,  0. ],\n",
       "       [-3.9,  0.9,  2.5,  3.3,  4.6,  3.7, -3.3,  1.7, -3.8, -2.2, -1. ,\n",
       "         3.8, -2.7,  1.5,  3. ],\n",
       "       [-1.9, -1.1, -3.5, -1.7, -2.4, -3.3,  2.7, -2.3, -0.8, -3.2, -3. ,\n",
       "        -2.2, -3.7, -3.5,  0. ],\n",
       "       [ 0.1, -1.1,  2.5, -3.7, -2.4,  3.7, -3.3, -4.3, -2.8,  3.8, -4. ,\n",
       "        -2.2,  5.3,  1.5,  0. ],\n",
       "       [ 0.1,  0.9,  0.5, -0.7, -3.4,  3.7,  2.7,  0.7,  4.2, -4.2, -1. ,\n",
       "         4.8, -3.7,  1.5,  1. ],\n",
       "       [ 3.1, -1.1, -3.5,  3.3, -0.4, -5.3, -3.3,  0.7, -0.8, -0.2,  2. ,\n",
       "        -1.2, -2.7, -1.5, -3. ],\n",
       "       [-1.9,  1.9,  4.5,  5.3,  3.6, -1.3, -2.3,  3.7,  1.2, -2.2,  4. ,\n",
       "        -2.2,  4.3,  2.5, -1. ],\n",
       "       [ 2.1, -2.1, -1.5, -0.7, -0.4,  1.7,  2.7, -0.3,  3.2,  2.8,  5. ,\n",
       "        -0.2, -2.7,  0.5,  3. ],\n",
       "       [ 2.1,  0.9, -0.5,  1.3,  2.6, -0.3,  3.7,  3.7, -1.8,  0.8,  0. ,\n",
       "         2.8, -3.7, -4.5, -1. ]])"
      ]
     },
     "execution_count": 5,
     "metadata": {},
     "output_type": "execute_result"
    }
   ],
   "source": [
    "mean=np.mean(x,axis=0)\n",
    "x_new=x-mean\n",
    "x_new"
   ]
  },
  {
   "cell_type": "code",
   "execution_count": 6,
   "metadata": {},
   "outputs": [
    {
     "data": {
      "text/plain": [
       "array([[  4.09000000e+00,  -1.09000000e+00,  -2.65000000e+00,\n",
       "         -9.30000000e-01,  -1.76000000e+00,  -1.87000000e+00,\n",
       "          1.53000000e+00,  -7.00000000e-02,   1.48000000e+00,\n",
       "          2.62000000e+00,   1.80000000e+00,  -4.80000000e-01,\n",
       "         -1.13000000e+00,  -1.65000000e+00,  -1.50000000e+00],\n",
       "       [ -1.09000000e+00,   1.49000000e+00,   1.85000000e+00,\n",
       "          1.43000000e+00,   1.86000000e+00,   7.00000000e-02,\n",
       "         -1.30000000e-01,   1.77000000e+00,   4.20000000e-01,\n",
       "         -1.32000000e+00,  -1.00000000e-01,   1.18000000e+00,\n",
       "          9.30000000e-01,   9.50000000e-01,  -4.00000000e-01],\n",
       "       [ -2.65000000e+00,   1.85000000e+00,   6.05000000e+00,\n",
       "          2.05000000e+00,   3.00000000e+00,   4.35000000e+00,\n",
       "         -2.95000000e+00,   1.65000000e+00,  -8.00000000e-01,\n",
       "         -3.00000000e-01,   2.00000000e-01,   9.00000000e-01,\n",
       "          4.75000000e+00,   3.75000000e+00,   1.10000000e+00],\n",
       "       [ -9.30000000e-01,   1.43000000e+00,   2.05000000e+00,\n",
       "          9.01000000e+00,   5.52000000e+00,  -1.21000000e+00,\n",
       "         -2.81000000e+00,   6.39000000e+00,  -1.36000000e+00,\n",
       "         -4.14000000e+00,   4.90000000e+00,   1.96000000e+00,\n",
       "         -3.89000000e+00,  -2.50000000e-01,  -2.00000000e-01],\n",
       "       [ -1.76000000e+00,   1.86000000e+00,   3.00000000e+00,\n",
       "          5.52000000e+00,   7.84000000e+00,  -1.82000000e+00,\n",
       "         -1.42000000e+00,   4.48000000e+00,  -3.20000000e-01,\n",
       "         -5.80000000e-01,   2.40000000e+00,   1.72000000e+00,\n",
       "         -6.80000000e-01,   1.50000000e+00,   1.00000000e-01],\n",
       "       [ -1.87000000e+00,   7.00000000e-02,   4.35000000e+00,\n",
       "         -1.21000000e+00,  -1.82000000e+00,   1.20100000e+01,\n",
       "         -1.19000000e+00,  -9.00000000e-02,  -3.54000000e+00,\n",
       "         -6.00000000e-02,  -9.00000000e-01,   3.94000000e+00,\n",
       "          4.90000000e-01,   1.25000000e+00,   4.80000000e+00],\n",
       "       [  1.53000000e+00,  -1.30000000e-01,  -2.95000000e+00,\n",
       "         -2.81000000e+00,  -1.42000000e+00,  -1.19000000e+00,\n",
       "          7.81000000e+00,   4.10000000e-01,   4.66000000e+00,\n",
       "         -6.60000000e-01,   8.88178420e-17,   2.14000000e+00,\n",
       "         -5.01000000e+00,  -2.35000000e+00,   6.00000000e-01],\n",
       "       [ -7.00000000e-02,   1.77000000e+00,   1.65000000e+00,\n",
       "          6.39000000e+00,   4.48000000e+00,  -9.00000000e-02,\n",
       "          4.10000000e-01,   6.21000000e+00,  -4.00000000e-02,\n",
       "         -3.06000000e+00,   4.10000000e+00,   3.14000000e+00,\n",
       "         -3.71000000e+00,  -9.50000000e-01,  -8.88178420e-17],\n",
       "       [  1.48000000e+00,   4.20000000e-01,  -8.00000000e-01,\n",
       "         -1.36000000e+00,  -3.20000000e-01,  -3.54000000e+00,\n",
       "          4.66000000e+00,  -4.00000000e-02,   9.76000000e+00,\n",
       "         -4.60000000e-01,   2.20000000e+00,   8.40000000e-01,\n",
       "         -9.60000000e-01,   3.70000000e+00,  -5.00000000e-01],\n",
       "       [  2.62000000e+00,  -1.32000000e+00,  -3.00000000e-01,\n",
       "         -4.14000000e+00,  -5.80000000e-01,  -6.00000000e-02,\n",
       "         -6.60000000e-01,  -3.06000000e+00,  -4.60000000e-01,\n",
       "          7.16000000e+00,  -8.88178420e-17,  -3.04000000e+00,\n",
       "          5.56000000e+00,   7.00000000e-01,  -6.00000000e-01],\n",
       "       [  1.80000000e+00,  -1.00000000e-01,   2.00000000e-01,\n",
       "          4.90000000e+00,   2.40000000e+00,  -9.00000000e-01,\n",
       "          8.88178420e-17,   4.10000000e+00,   2.20000000e+00,\n",
       "         -8.88178420e-17,   7.60000000e+00,  -3.00000000e-01,\n",
       "         -1.40000000e+00,   4.00000000e-01,   5.00000000e-01],\n",
       "       [ -4.80000000e-01,   1.18000000e+00,   9.00000000e-01,\n",
       "          1.96000000e+00,   1.72000000e+00,   3.94000000e+00,\n",
       "          2.14000000e+00,   3.14000000e+00,   8.40000000e-01,\n",
       "         -3.04000000e+00,  -3.00000000e-01,   6.76000000e+00,\n",
       "         -6.44000000e+00,   4.44089210e-17,   2.10000000e+00],\n",
       "       [ -1.13000000e+00,   9.30000000e-01,   4.75000000e+00,\n",
       "         -3.89000000e+00,  -6.80000000e-01,   4.90000000e-01,\n",
       "         -5.01000000e+00,  -3.71000000e+00,  -9.60000000e-01,\n",
       "          5.56000000e+00,  -1.40000000e+00,  -6.44000000e+00,\n",
       "          1.56100000e+01,   4.85000000e+00,  -2.10000000e+00],\n",
       "       [ -1.65000000e+00,   9.50000000e-01,   3.75000000e+00,\n",
       "         -2.50000000e-01,   1.50000000e+00,   1.25000000e+00,\n",
       "         -2.35000000e+00,  -9.50000000e-01,   3.70000000e+00,\n",
       "          7.00000000e-01,   4.00000000e-01,   4.44089210e-17,\n",
       "          4.85000000e+00,   6.25000000e+00,   7.00000000e-01],\n",
       "       [ -1.50000000e+00,  -4.00000000e-01,   1.10000000e+00,\n",
       "         -2.00000000e-01,   1.00000000e-01,   4.80000000e+00,\n",
       "          6.00000000e-01,  -8.88178420e-17,  -5.00000000e-01,\n",
       "         -6.00000000e-01,   5.00000000e-01,   2.10000000e+00,\n",
       "         -2.10000000e+00,   7.00000000e-01,   3.40000000e+00]])"
      ]
     },
     "execution_count": 6,
     "metadata": {},
     "output_type": "execute_result"
    }
   ],
   "source": [
    "covar=np.dot(x_new.T,x_new)/(len(x_new))\n",
    "covar"
   ]
  },
  {
   "cell_type": "code",
   "execution_count": 7,
   "metadata": {},
   "outputs": [
    {
     "data": {
      "image/png": "iVBORw0KGgoAAAANSUhEUgAAAXQAAAD8CAYAAABn919SAAAABHNCSVQICAgIfAhkiAAAAAlwSFlz\nAAALEgAACxIB0t1+/AAAADl0RVh0U29mdHdhcmUAbWF0cGxvdGxpYiB2ZXJzaW9uIDIuMS4wLCBo\ndHRwOi8vbWF0cGxvdGxpYi5vcmcvpW3flQAAERBJREFUeJzt3X+M5PVdx/HXazmadgADhAXPg91B\nQhDSyAETpJI0KRRzxQZoUhPJSC4Rs/4BCg1GoZeYmngGtQVNNOi0IJcwoRJ+BFK17eXEEBOkztHj\nOHrqtfR2e3By21AE3cQKvP3j+73e3rGzM7P7nfnO9zPPRzL5zvez3/l+X7nsvvZ73x/7dUQIAFB9\nU2UHAAAUg0IHgERQ6ACQCAodABJBoQNAIih0AEgEhQ4AiaDQASARFDoAJGLDKDd21llnRb1eH+Um\nAaDydu/e/cOImO613EgLvV6vq9PpjHKTAFB5tuf7WY5DLgCQCAodABJBoQNAIih0AEgEhQ4AiRj/\nQm+3pXpdmprKpu122YkAYCyN9LLFgbXb0tyctLSUzc/PZ/OS1GyWlwsAxtB476Fv23aszI9aWsrG\nAQDH6Vnotj9s+1u2X7L9iu0/yMfPt/2C7QO2/9b2hwpPt7Aw2DgATLB+9tD/V9I1EXGppM2Stti+\nStIfS7o/Ii6U9CNJtxaebmZmsHEAmGA9Cz0y/53Pnpy/QtI1kh7Px3dIuqnwdNu3S7Xa8WO1WjYO\nADhOX8fQbZ9ke4+kI5J2SvqepLci4t18kUOSNhWertmUWi1pdlays2mrxQlRAFhBX1e5RMR7kjbb\nPl3SU5IuXmmxlT5re07SnCTNrOVQSbNJgQNAHwa6yiUi3pL0T5KuknS67aO/EM6V9HqXz7QiohER\njenpnn/9EQCwRv1c5TKd75nL9kckfVLSfknPSvpsvthWSU8PKyQAoLd+DrlslLTD9knKfgE8FhFf\ns/0dSV+1/YeSvi3pwSHmBAD00LPQI2KvpMtWGH9V0pXDCAUAGNx43ykKAOgbhQ4AiaDQASARFDoA\nJIJCB4BEUOgAkAgKHQASQaEDQCIodABIBIUOAImg0AEgERQ6ACSCQgeARFDoAJAICh0AEkGhA0Ai\nKHQASASFDgCJoNABIBEUOgAkgkIHgERQ6ACQCAodABLRs9Btn2f7Wdv7bb9i+458/Au2X7O9J39d\nP/y4AIBuNvSxzLuS7oqIF22fJmm37Z351+6PiC8OLx4AoF89Cz0iDks6nL9/x/Z+SZuGHQwAMJiB\njqHbrku6TNIL+dDttvfafsj2GQVnAwAMoO9Ct32qpCck3RkRb0t6QNIFkjYr24P/UpfPzdnu2O4s\nLi4WEBkAsJK+Ct32ycrKvB0RT0pSRLwREe9FxPuSvizpypU+GxGtiGhERGN6erqo3ACAE/RzlYsl\nPShpf0Tct2x847LFPiNpX/Hxhqjdlup1aWoqm7bbZScCgHXp5yqXqyXdIull23vysc9Lutn2Zkkh\n6aCk3xxKwmFot6W5OWlpKZufn8/mJanZLC8XAKyDI2JkG2s0GtHpdEa2va7q9azETzQ7Kx08OOo0\nALAq27sjotFrucm8U3RhYbBxAKiAySz0mZnBxgGgAiaz0Ldvl2q148dqtWwcACpqMgu92ZRareyY\nuZ1NWy1OiAKotH6ucklTs0mBA0jKZO6hA0CCKHQASASFDgCJoNABIBEUOgAkgkIHgERQ6ACQCAod\nABJBoQNAIih0AEgEhQ4AiaDQASARFDoAJIJCB4BEUOgAkAgKHQASQaEDQCIodABIBIUOAInoWei2\nz7P9rO39tl+xfUc+fqbtnbYP5NMzhh8XANBNP3vo70q6KyIulnSVpNtsXyLpbkm7IuJCSbvyeQBA\nSXoWekQcjogX8/fvSNovaZOkGyXtyBfbIemmYYUEAPQ20DF023VJl0l6QdI5EXFYykpf0tldPjNn\nu2O7s7i4uL60AICu+i5026dKekLSnRHxdr+fi4hWRDQiojE9Pb2WjACAPvRV6LZPVlbm7Yh4Mh9+\nw/bG/OsbJR0ZTkQAQD/6ucrFkh6UtD8i7lv2pWckbc3fb5X0dPHxKqjdlup1aWoqm7bbZScCMCE2\n9LHM1ZJukfSy7T352Ocl3SvpMdu3SlqQ9CvDiVgh7bY0NyctLWXz8/PZvCQ1m+XlAjARHBEj21ij\n0YhOpzOy7Y1cvZ6V+IlmZ6WDB0edBkAibO+OiEav5bhTtEgLC4ONA0CBKPQizcwMNg4ABaLQi7R9\nu1SrHT9Wq2XjADBkFHqRmk2p1cqOmdvZtNXihCiAkejnKhcMotmkwAGUgj10AEgEhQ4AiaDQASAR\nFDoAJIJCB4BEUOgAkAgKHQASQaEDQCIodABIBIUOAImg0AEgERQ6ACSCQgeARFDoAJAICh0AEkGh\nA0AiKHQASASFDgCJ6Fnoth+yfcT2vmVjX7D9mu09+ev64cYEAPTSzx76w5K2rDB+f0Rszl9/X2ws\nAMCgehZ6RDwn6c0RZAEArMN6jqHfbntvfkjmjMISAQDWZK2F/oCkCyRtlnRY0pe6LWh7znbHdmdx\ncXGNmwMA9LKmQo+INyLivYh4X9KXJV25yrKtiGhERGN6enqtOQEAPayp0G1vXDb7GUn7ui0LABiN\nfi5bfFTS85Iusn3I9q2S/sT2y7b3SvqEpM8NOSfabalel6amsmm7XXYiAGNmQ68FIuLmFYYfHEIW\ndNNuS3Nz0tJSNj8/n81LUrNZXi4AY4U7Ratg27ZjZX7U0lI2DgA5Cr0KFhYGGwcwkSj0KpiZGWwc\nwESi0Ktg+3apVjt+rFbLxgEgR6FXQbMptVrS7KxkZ9NWixOiAI7T8yoXjIlmkwIHsCr20AEgERQ6\nACSCQgeARFDoAJAICh0AEkGhA0AiKHQASASFDgCJoNABIBEUOgAkgkIHgERQ6ACQCAodABJBoQNA\nIih0AEgEhQ4AiaDQASARPQvd9kO2j9jet2zsTNs7bR/Ip2cMNyYAoJd+9tAflrTlhLG7Je2KiAsl\n7crnAQAl6lnoEfGcpDdPGL5R0o78/Q5JNxWcCwAwoLUeQz8nIg5LUj49u7hIAIC1GPpJUdtztju2\nO4uLi8PeHABMrLUW+hu2N0pSPj3SbcGIaEVEIyIa09PTa9wcAKCXtRb6M5K25u+3Snq6mDgAgLXq\n57LFRyU9L+ki24ds3yrpXknX2T4g6bp8HlXTbkv1ujQ1lU3b7bITAViHDb0WiIibu3zp2oKzYJTa\nbWluTlpayubn57N5SWo2y8sFYM24U3RSbdt2rMyPWlrKxgFUEoU+qRYWBhsHMPYo9Ek1MzPYOICx\nR6FPqu3bpVrt+LFaLRsHUEkU+qRqNqVWS5qdlexs2mpxQhSosJ5XuSBhzSYFDiSEPXQASASFDgCJ\noNABIBEUOgAkgkIHgERQ6ACQCAodABJBoQNAIih0AEgEhQ4AiaDQASARFDoAJIJCB4BEUOgAkAgK\nHcVrt6V6XZqayqbtdtmJgInA30NHsdptaW7u2AOo5+ezeYm/vQ4MGXvoKNa2bcfK/KilpWwcwFBR\n6CjWwsJg4wAKs65DLrYPSnpH0nuS3o2IRhGhUGEzM9lhlpXGAQxVEXvon4iIzZQ5JEnbt0u12vFj\ntVo2DmCoOOSCYjWbUqslzc5KdjZttTghCoyAI2LtH7a/L+lHkkLSX0dEa4Vl5iTNSdLMzMwV8yv9\ndxwA0JXt3f0cBVnvHvrVEXG5pE9Jus32x09cICJaEdGIiMb09PQ6NwcA6GZdhR4Rr+fTI5KeknRl\nEaGAFXHDErCqNRe67VNsn3b0vaRfkrSvqGDAcY7esDQ/L0Ucu2GJUgd+Yj176OdI+mfbL0n6lqS/\ni4ivFxMLOAE3LAE9rfk69Ih4VdKlBWYBuuOGJaAnLltENXS7MYkbloCfoNBRDdywBPREoaMahnXD\nElfOICH8+VxUR7NZ7B2n/KlfJIY9dEwurpxBYih0TC6unEFiKHRMLq6cQWIodEwurpxBYih0TC7+\n1C8Sw1UumGxFXzkDlIg9dABIBIUOAImg0AEgERQ6ACSCQgeARFDoAJAICh0AEkGhA0AiKHQASASF\nDgwDD85ACbj1HygaD85ASdhDB4rGgzNQEgodKBoPzkBJ1lXotrfY/nfb37V9d1GhgErjwRkoyZoL\n3fZJkv5S0qckXSLpZtuXFBUMqKxhPjhjGCdbh3UCl/WO/uR4RKzpJeljkr6xbP4eSfes9pkrrrgi\ngInwyCMRs7MRdjZ95JFi1lmrRUjHXrXa+tY9jHWy3sLXKakTffSys2UHZ/uzkrZExG/k87dI+oWI\nuL3bZxqNRnQ6nTVtD5h49Xp2xcyJZmelgwfHZ52st/B12t4dEY1ey63nGLpXGPvAbwfbc7Y7tjuL\ni4vr2Bww4YZxsnVYJ3BZbyknx9dT6Icknbds/lxJr5+4UES0IqIREY3p6el1bA6YcMM42TqsE7is\nt5ST4+sp9H+VdKHt821/SNKvSnqmmFgAPmAYJ1uHdQKX9Q735Hg3/Rxo7/aSdL2k/5D0PUnbei3P\nSVFgnYZ1srXodbLeQtepYZ8UXQtOigLA4EZxUhQAMEYodABIBIUOAImg0AEgERQ6ACRipFe52F6U\ntMK9sH05S9IPC4wzbFXKW6WsUrXyknV4qpR3vVlnI6LnnZkjLfT1sN3p57KdcVGlvFXKKlUrL1mH\np0p5R5WVQy4AkAgKHQASUaVCb5UdYEBVylulrFK18pJ1eKqUdyRZK3MMHQCwuirtoQMAVlGJQq/K\nw6htn2f7Wdv7bb9i+46yM/XD9km2v237a2VnWY3t020/bvvf8n/jj5WdaTW2P5d/H+yz/ajtD5ed\n6SjbD9k+YnvfsrEzbe+0fSCfnlFmxuW65P3T/Hthr+2nbJ9eZsajVsq67Gu/YztsnzWMbY99oVfs\nYdTvSrorIi6WdJWk28Y463J3SNpfdog+/Lmkr0fEz0m6VGOc2fYmSb8tqRERH5V0krJnBoyLhyVt\nOWHsbkm7IuJCSbvy+XHxsD6Yd6ekj0bEzyv7M973jDpUFw/rg1ll+zxJ10ka2iOLxr7QJV0p6bsR\n8WpE/FjSVyXdWHKmFUXE4Yh4MX//jrLC2VRuqtXZPlfSL0v6StlZVmP7pyR9XNKDkhQRP46It8pN\n1dMGSR+xvUFSTSs80assEfGcpDdPGL5R0o78/Q5JN4001CpWyhsR34yId/PZf1H21LTSdfm3laT7\nJf2uVnhUZ1GqUOibJP1g2fwhjXlJSpLtuqTLJL1QbpKe/kzZN9n7ZQfp4WclLUr6m/zw0Fdsn1J2\nqG4i4jVJX1S2N3ZY0n9FxDfLTdXTORFxWMp2TiSdXXKeQfy6pH8oO0Q3tm+Q9FpEvDTM7VSh0Pt6\nGPU4sX2qpCck3RkRb5edpxvbn5Z0JCJ2l52lDxskXS7pgYi4TNL/aLwOCRwnP/58o6TzJf2MpFNs\n/1q5qdJke5uyw53tsrOsxHZN0jZJvz/sbVWh0Pt6GPW4sH2ysjJvR8STZefp4WpJN9g+qOxQ1jW2\nHyk3UleHJB2KiKP/43lcWcGPq09K+n5ELEbE/0l6UtIvlpyplzdsb5SkfHqk5Dw92d4q6dOSmjG+\n12BfoOwX+0v5z9q5kl60/dNFb6gKhV6Zh1HbtrJjvPsj4r6y8/QSEfdExLkRUVf27/qPETGWe5ER\n8Z+SfmD7onzoWknfKTFSLwuSrrJdy78vrtUYn8TNPSNpa/5+q6SnS8zSk+0tkn5P0g0RsVR2nm4i\n4uWIODsi6vnP2iFJl+ff04Ua+0LPT3rcLukbyn4gHouIV8pN1dXVkm5Rtqe7J39dX3aohPyWpLbt\nvZI2S/qjkvN0lf9P4nFJL0p6WdnP2tjc2Wj7UUnPS7rI9iHbt0q6V9J1tg8ouxrj3jIzLtcl719I\nOk3Szvxn7a9KDZnrknU02x7f/6UAAAYx9nvoAID+UOgAkAgKHQASQaEDQCIodABIBIUOAImg0AEg\nERQ6ACTi/wHfqXU2r+wdKAAAAABJRU5ErkJggg==\n",
      "text/plain": [
       "<matplotlib.figure.Figure at 0x1c08d444438>"
      ]
     },
     "metadata": {},
     "output_type": "display_data"
    }
   ],
   "source": [
    "u,s,v=LA.svd(covar)\n",
    "k=np.arange(len(x[0]))\n",
    "k\n",
    "plt.scatter(k,s,c='r')\n",
    "plt.show()"
   ]
  },
  {
   "cell_type": "code",
   "execution_count": 8,
   "metadata": {},
   "outputs": [
    {
     "data": {
      "text/plain": [
       "array([[  4.62447219,   6.89900009, -14.60764278,   4.2774908 ,\n",
       "         -7.11917385,   1.43959506,   1.56691586,   0.96487863],\n",
       "       [  8.30740867,  -1.56073318,  -6.17757712,   9.87237243,\n",
       "         -3.48267418,   5.33698041,   1.00204155,   1.90384946],\n",
       "       [ 15.72346362,  -3.6243796 ,  -8.01267192,   5.19268569,\n",
       "         -5.42164447,  -0.5330479 ,   0.58331449,   0.99690588],\n",
       "       [  0.28744791,  -0.32096899,  -5.94023523,   2.91830251,\n",
       "         -2.76669413,   3.13382108,  -1.73787198,  -0.26586873],\n",
       "       [  9.94496188,  -3.16943264,  -8.07489854,   7.74765672,\n",
       "         -4.65049046,   1.47924024,   2.57167149,  -1.33248725],\n",
       "       [  5.40252288,  -4.54595085, -15.44191706,   5.86297554,\n",
       "         -1.68928172,   4.17524431,   3.8684049 ,   0.27034904],\n",
       "       [  4.816906  ,   6.87256209,  -4.01956515,   8.31575237,\n",
       "         -1.86631927,   0.57066337,   4.23305082,   0.39424045],\n",
       "       [ 16.56712529,   7.65363941, -10.80353518,   7.13082875,\n",
       "         -2.49017073,   5.10693254,   0.18827375,  -0.47215798],\n",
       "       [  4.32238347,   0.80292255, -13.12853841,  14.01307834,\n",
       "         -3.54825038,   0.55997834,  -0.91075845,   0.03938357],\n",
       "       [  5.55234982,   0.55350099,  -7.04406941,   9.08776698,\n",
       "         -9.62761868,   4.92833837,   2.2111429 ,  -0.27361416]])"
      ]
     },
     "execution_count": 8,
     "metadata": {},
     "output_type": "execute_result"
    }
   ],
   "source": [
    "ureduce=u[:,1:9]\n",
    "z=np.dot(x,ureduce)\n",
    "z"
   ]
  }
 ],
 "metadata": {
  "kernelspec": {
   "display_name": "Python 3",
   "language": "python",
   "name": "python3"
  },
  "language_info": {
   "codemirror_mode": {
    "name": "ipython",
    "version": 3
   },
   "file_extension": ".py",
   "mimetype": "text/x-python",
   "name": "python",
   "nbconvert_exporter": "python",
   "pygments_lexer": "ipython3",
   "version": "3.6.3"
  }
 },
 "nbformat": 4,
 "nbformat_minor": 2
}
